sample.dat
512
24





even.xsm
512
26





myfile.dat
0
28





hello.dat
0
29





abc.txt
0
30





-1
0
-1





-1
0
-1





-1
0
-1





-1
0
-1





-1
0
-1





-1
0
-1





-1
0
-1





-1
0
-1





-1
0
-1





-1
0
-1





-1
0
-1





-1
0
-1





-1
0
-1





-1
0
-1





-1
0
-1





-1
0
-1





-1
0
-1





-1
0
-1





-1
0
-1





-1
0
-1





-1
0
-1





-1
0
-1





-1
0
-1





-1
0
-1





-1
0
-1





-1
0
-1





-1
0
-1





-1
0
-1





-1
0
-1





-1
0
-1





-1
0
-1





-1
0
-1





-1
0
-1





-1
0
-1





-1
0
-1





-1
0
-1





-1
0
-1





-1
0
-1





-1
0
-1





-1
0
-1





-1
0
-1





-1
0
-1





-1
0
-1





-1
0
-1





-1
0
-1





-1
0
-1





-1
0
-1





-1
0
-1





-1
0
-1





-1
0
-1





-1
0
-1





-1
0
-1





-1
0
-1





-1
0
-1





-1
0
-1





-1
0
-1





-1
0
-1





-1
0
-1





-1
0
-1





